4.386150000000000091e+02 1.762291636438864941e+02
2.500000000000000000e+00 2.500000000000000000e+00
1.000000000000000000e+02 5.000000000000000000e+00
1.800000000000000000e+02 1.800000000000000000e+02
0.500000000000000000e+00 1.000000000000000000e+00
1.640342476620492391e+02 1.829258393362859465e+02
1.349167094041974906e+03 1.043703279171939130e+03
1.032677639999999997e+01 9.996093305208991353e+01
1.000000000000000000e+01 1.000000000000000000e+01
1.000000000000000000e+01 1.000000000000000000e+01
2.000000000000000000e+02 2.000000000000000000e+02
2.000000000000000000e+02 2.000000000000000000e+02